1748.23272315742,-477.602707750269,8708.62752308708,-625.579892625377,-160.918152815407,3384.15739126769
-477.602707750269,156.722686873211,-2691.83729892601,160.918152815675,47.1455437828101,-949.279641640069
8708.62752308708,-2691.83729892601,48256.1033935586,-3384.15739126671,-949.279641638732,19946.7563595995
-625.579892625377,160.918152815675,-3384.15739126671,390.65140906732,101.268947665605,-2343.22259236587
-160.918152815407,47.1455437828101,-949.279641638732,101.268947665605,28.3114590926352,-637.07979482743
3384.15739126769,-949.279641640069,19946.7563595995,-2343.22259236587,-637.07979482743,14755.4284117354
