0.0332028168383808,-0.00899859557688259,0.175849951903931,-0.0057221131821361,-0.00147596775668495,0.0327402819152107
-0.00899859557688259,0.00284301770415222,-0.0525389870553298,0.00147596775968428,0.000421738040359713,-0.00900409466810957
0.175849951903931,-0.0525389870553298,1.02102843374602,-0.0327402818658071,-0.00900409463450292,0.200308390847302
-0.0057221131821361,0.00147596775968428,-0.0327402818658071,0.00381591674043494,0.000983176642936568,-0.0234552849053022
-0.00147596775668495,0.000421738040359713,-0.00900409463450292,0.000983176642936568,0.000269540856015768,-0.00626698590756996
0.0327402819152107,-0.00900409466810957,0.200308390847302,-0.0234552849053022,-0.00626698590756996,0.14979714074788
