1748.2329264704,-477.602770498913,8708.62856045549,-625.579959150736,-160.918171310278,3384.15773865212
-477.602770498913,156.722710056676,-2691.83766276989,160.918171310278,47.1455498200494,-949.279749294914
8708.62856045549,-2691.83766276989,48256.109251428,-3384.15773865212,-949.279749294914,19946.7583558283
-625.579959150736,160.918171310278,-3384.15773865212,390.651455941175,101.268960513168,-2343.22286744742
-160.918171310278,47.1455498200494,-949.279749294914,101.268960513168,28.3114629383911,-637.079874756188
3384.15773865212,-949.279749294914,19946.7583558283,-2343.22286744742,-637.079874756188,14755.4301214192
