function [T] = reconstruct_T_polynomial_approximation(H, P)

    %p = [7277, -2139, 14.76, 204, -1.895, -0.008483, -6.358, 0.05758, 0.0006813];

    %T = p(1) + p(2).*H + p(3).*P + p(4).*H.^2 + p(5).*H.*P + p(6).*P.^2 + p(7).*H.^3 + p(8).*H.^2.*P + p(9).*H.*P.^2 ;
    p = [7550.3, -2139, 14.756, 204.02, -1.8946, -0.0085, -6.3579, 0.0576, 0.00068133];
    T = p(1) + p(2).*H + p(3).*P + p(4).*H.^2 + p(5).*H.*P + p(6).*P.^2 + p(7).*H.^3 + p(8).*H.^2.*P + p(9).*H.*P.^2;

end